3 rbox 1000
1000
-0.3644684295770418 0.3791030383474222 -0.41524137502093 
0.03820936012846354 0.1847114671810637 0.4456235537730376 
-0.4049391373106643 0.1879184760040775 0.3458208170214862 
0.2104650607430051 0.2862703476904616 0.3457274803386325 
-0.358244567511831 -0.01644728054892952 -0.4294479702873602 
0.2679628285281014 -0.3487469384900731 -0.3897963863702457 
-0.3078665871246407 -0.3137313074560196 0.1179141291584019 
-0.2172360706303604 -0.08664129729069892 -0.1802867997254122 
-0.08024548700102185 0.3140966890511072 0.02304651078120479 
0.3427026065464156 -0.1972983695541493 0.00630053459322133 
-0.1069190540415412 0.01145564765804974 -0.4649338139825816 
-0.1426118795225507 0.122138067728037 -0.2255005638352601 
0.01202147268878429 0.04488747338288224 0.4237608820421257 
0.1491372526149613 -0.4502003807110716 0.4822009997276598 
0.3521947361083653 0.3369231040933385 -0.3333960532521793 
-0.3874683132278438 -0.1799413009359886 -0.2734473359523782 
0.1706228756072212 -0.3413349179004644 0.1840336054414824 
0.05280130175203202 0.4314742204094997 -0.2127848674662271 
-0.2752697526246959 -0.458734122066511 0.05561010544710798 
-0.3609620988005419 0.3100043715070974 0.2434655807385832 
-0.07399034507012958 0.4442670726629598 -0.2033171436780292 
-0.1512361184239724 0.1745549190552486 -0.2554807176398865 
0.1355767130251757 -0.3621891600659016 -0.3132143060799821 
-0.1928437479705026 -0.1248745439805785 0.2335363828889433 
0.04598147379791506 -0.1893741513503475 0.1886358239582142 
0.4022878766081183 0.2523350913565001 -0.004125459123519693 
-0.3365953698163809 -0.1583817826196382 0.07737683837989051 
0.4725181325082836 -0.3877545445112088 0.009369521876209874 
0.473550187399192 -0.04200800093077867 -0.02847522779225858 
0.416842805609892 -0.1229732899209236 0.1879133486076382 
0.2596446650658218 -0.1521201838293301 0.3160676581934725 
0.1491248711469815 0.3417042874188202 0.02395206086705626 
-0.4377171079979437 0.288565391477724 -0.08147160530227388 
-0.2932735907782554 -0.04924182784672998 0.3925958526251799 
0.358488086013578 0.1092549116436904 0.2472952275977426 
0.2908843870189827 -0.1061135615279093 -0.4506316822493744 
0.2333160487313905 0.3428252896692839 -0.135363124437037 
-0.0480352668539018 -0.3287335506907977 -0.02478780040963347 
0.3914347965190511 -0.1553818808452989 0.4967259364172126 
0.4728055638007872 0.4431031867331855 0.2352520439170786 
-0.1189036398370784 -0.4134777243374639 -0.3201136168279812 
-0.1495594355739275 0.3545635667206381 0.1498591859357983 
-0.3166670629909887 -0.2233291242488931 -0.4925934164715869 
-0.01755069570387779 0.02545352934436274 -0.2025364215509374 
-0.02963933444548339 -0.1482977062913568 -0.439552391357303 
0.4429579851617645 -0.2051507660235751 0.031073134421439 
0.2461660650988725 0.3130502773570365 0.4360051769167234 
-0.06099888594914121 -0.2082795828657966 0.4450484918849994 
-0.07000428491272431 0.437980106974002 0.1316505713683093 
-0.3488519562863297 -0.1548304871235327 -0.2359997865147887 
-0.4484140201922637 -0.494437775103783 -0.01568621258780939 
0.3618212466703926 0.1296860446498599 -0.3666524978975323 
-0.3285332073723275 0.3423823517210617 0.4201787835174974 
-0.05519262287318022 0.3775838896423428 0.05242635081748137 
0.1296738662102016 0.428664467231058 -0.4363065156492466 
-0.003609015144043604 0.343278589512481 0.4832473369159245 
-0.06201614910924447 -0.3054215068048066 -0.2192663910978161 
-0.2102373779846704 -0.4596140561249238 0.2665583926872894 
0.04689989615874357 0.2465504601099998 -0.2264227738850031 
-0.4875628263573748 -0.4684226857204202 0.2199208500980594 
0.2097219640479627 -0.2029558002976289 -0.07813792683010729 
-0.264139535151552 -0.3931691380154054 0.006296539219372455 
-0.1740693023186822 0.4172333794806463 0.4414017530543746 
-0.3607437828190101 -0.02075892875041713 0.1046807413033031 
0.3692143525641545 0.3856167433649458 0.06059880374055249 
0.4840900804699306 0.1019747565518829 -0.110271343598395 
-0.3304749083057744 -0.2917852218186345 -0.03422473513914714 
-0.2151271288424052 0.3583433165758321 -0.3238850276208343 
0.4643393987457635 0.1522671730744347 0.1543727574445054 
-0.4570707515413601 0.01187850861985096 -0.3579096322487198 
-0.3871903162330299 0.4923541890386065 -0.00315259443889615 
0.01434137720087669 0.03552258995875957 0.02816524592057357 
0.3732840538707414 -0.2149134289612187 -0.05000278218649584 
-0.3967637302323838 -0.4080148235969384 0.49485908681048 
0.09666423787983525 -0.3641586232596623 -0.4139821882489903 
0.2013614263398214 0.2814870046279272 -0.04791933442272184 
-0.3802571807804119 0.01756168670725233 0.1592644384682779 
-0.2425878231810292 -0.173546218009243 0.2087113640352258 
-0.1881102064513697 0.4317577312996217 -0.4478173395132807 
-0.4660256080944329 -0.492395509027313 0.308679718811698 
-0.01997226059434215 0.3262124344019335 -0.3476214728761664 
-0.4740958222878127 -0.1284853938300958 -0.4540170100089321 
0.3361124203876708 0.04144291211053996 -0.4689803956718933 
-0.1535103001198827 -0.04761682641470511 -0.2960050923712599 
0.04241091994793245 -0.1996726800684563 0.1012637392629532 
-0.06033891305358979 -0.11611513245489 0.4529658266836459 
-0.003358385994432833 -0.444397295307738 0.01465732791894803 
0.3457063062542177 0.2858825961927721 -0.1712119385331981 
0.4409464997620755 -0.01218586276488926 0.192200693015196 
0.317042089362668 -0.4736104761004545 0.02872797337242217 
-0.1689556675673981 0.3620926042665659 -0.309606838794059 
0.437858898600432 0.09450143770733988 0.2856588948384475 
0.06903940119691132 0.3452114633705574 -0.03094174576079634 
-0.03792467251226739 -0.3999745300039412 -0.3719265590160401 
0.03032161531068534 -0.384615623750366 -0.2347892753172566 
-0.1033523325839567 -0.04265684265890796 0.06644185266126124 
-0.311786755278508 -0.1999974387697852 -0.3569557516434749 
-0.355318991332612 0.1537115407676544 0.4298605662117345 
-0.3334709567329576 0.3536288862616093 0.4406847184902846 
-0.4119436958915961 0.4623024612314091 -0.08254161484776218 
-0.2769240134180747 -0.2618952633458146 0.3263070837839572 
0.2431506903312641 -0.3663534185535772 -0.3019066758471604 
-0.1455025134100602 -0.4607456572919578 0.2477375871946455 
-0.2743778715602848 -0.4688890794933672 0.3812407119024924 
-0.4873619517193753 -0.09232264626056203 0.3332811084885906 
0.4555838466208277 -0.00229732226794338 0.3889007478849038 
0.2548627450641829 0.4781503863429188 0.2735356104313728 
0.3129984664851785 -0.4347801464002394 -0.3499210591892908 
-0.1232429688081546 -0.3445797072207366 -0.3511404752276284 
0.3820316846315113 -0.1934833011529253 0.1261551241633996 
0.2891669141027768 0.02831914930447854 -0.04006177423527629 
-0.3182431718504458 0.2870092874271881 -0.2349123705503646 
-0.172213914498886 -0.3992635481052693 -0.4224537936248386 
-0.1809100594193768 0.4446288416577772 -0.1230656505777181 
-0.364392209671803 -0.3398690152353319 -0.1785403133170123 
0.2729515654714327 0.4969548294292342 0.3198104149846457 
0.0536382310591994 0.4977450794519345 -0.3984574600108503 
0.1254688032208652 -0.2458291619511593 0.3492730980266566 
0.232951887634538 0.222369737664582 0.368175275501027 
-0.07815144870258073 -0.4914016458125801 0.0125387609121751 
-0.2610493602799712 -0.4566000955706463 -0.07780659531970191 
0.3045491579031099 -0.4423094191051176 0.105592649062716 
-0.3043519424315094 -0.2430979774734918 0.2522905927638436 
0.2479866945631678 -0.0876303306665554 0.1970292601706732 
0.470770233749198 0.2353110255071065 -0.1276000567037613 
0.4258440657759496 0.1612062506947725 0.3934502526125407 
-0.2816113333977864 -0.04168212557368178 0.4485118966070114 
0.139438850935026 -0.4512373394810011 0.05403496143783904 
0.1655925499886205 0.1139824498575017 -0.2969700501272176 
-0.1756340769823958 0.1180656185541913 0.3288462034695281 
-0.08186477430338485 0.09873501080901825 0.4393219816864673 
-0.315461146939044 0.04450195147143854 -0.05570588079812555 
-0.2487420511885938 0.3923437072824163 0.1206813120475796 
0.2908067263577197 -0.4113562949107553 0.3347507415662993 
0.1557069720287873 -0.03292624376055436 -0.3913825390780182 
0.03366486591628271 -0.1946027215519945 0.3120564858541419 
-0.2666486047829023 0.4368975879036799 -0.06224743515462378 
-0.1926460696315822 0.1975052968575669 0.4715188266444196 
-0.1830881905584486 -0.1632211959578294 -0.2586430988820671 
-0.01456479962408991 0.209408919056327 -0.4643029723915299 
0.459942736625618 0.2575669542491128 -0.072205863960279 
0.4360410719514276 -0.4577110381403109 0.2505816451744937 
-0.4742954266018192 -0.4832350979402988 0.2677087865469128 
0.3815694860011055 0.03834432134250576 0.453004590657544 
-0.351852277155828 0.4187766829680434 0.3797034536299327 
-0.3240617265217581 0.494560972316713 0.08625394346774928 
-0.3299767256993584 0.08116984048967235 0.2215045618093615 
-0.1728353166699738 0.1568301675439162 -0.1553792298355878 
-0.4587185438337909 0.3174334627738534 0.1042024428995348 
0.3304530841582017 -0.07502105233727119 0.1211700417298545 
-0.4951135078399568 -0.3727263043380588 -0.4109980058027413 
0.3565157771636879 -0.03933991309193885 -0.1859229413661388 
0.1931220015446861 -0.1985254629501379 0.3825418379926513 
0.3806642358011233 -0.1761957827733791 -0.3225236063101549 
0.3457473566250385 -0.02418382188694906 -0.4574981778464263 
-0.1718753973691495 0.2901938490478264 0.2880147628374535 
-0.3358871581367098 -0.2554680879744404 0.3478435001781616 
0.2057008591533647 0.2143342678568645 0.3160342800580285 
-0.4118614512606165 -0.1554120268257447 -0.009937556935416148 
-0.02052324872512673 0.06575492449640752 0.1430115836141739 
-0.4043192289809875 -0.3932822322410366 0.1055218899673986 
-0.4936000569663943 0.06384251598626611 0.001161768567899069 
-0.4741596015860882 -0.2004240594808237 0.4728299616582971 
-0.1468420225631837 0.02612401687179133 0.06634744682009097 
0.1015342731043084 0.4865233567417817 -0.001950961539476159 
0.2101855084394901 -0.4121652156227876 -0.2607796595066596 
0.07626079961309284 -0.2847454126782207 0.283847432847924 
-0.3762022595630979 0.1686225544369059 0.03926718844032584 
-0.03636810373176647 -0.2387230482313065 -0.2182736682875768 
0.4744548862562095 0.1632656819776313 0.006311807321674912 
0.0825416930788585 0.2782310175506687 0.2287058837047833 
-0.1402182766610927 0.3514213416272973 0.3384820668385197 
-0.1319092070981014 0.001953421628059227 -0.1688466255262928 
0.1947621881913042 0.3680914941877979 -0.4862639796792194 
0.3612934242573506 0.2585747528435427 -0.1341348952931677 
-0.4051880556207039 0.004348441031154615 0.08424446367122651 
-0.1033036500246298 -0.2244490685169111 -0.3154967202017984 
0.4466221248233897 0.3780444985051122 -0.2061204963420709 
-0.2671843210860941 0.4331136843497992 0.341685564575424 
-0.2907227680932011 -0.1775649801619025 -0.3346241045134367 
-0.02732585140254895 -0.2655882218532155 0.2587534787680521 
-0.1302882834619734 0.2448169614605764 -0.3613345612411709 
0.05002813464964562 -0.1771452479782936 -0.2801852978581426 
-0.07430282195499427 0.1924680710700043 -0.1891349458034476 
0.208963448842022 0.04867913951042957 0.1502934579274556 
-0.01785770246559543 -0.134409112515309 -0.01395690582129816 
0.4262800579204038 0.4889262192779464 0.3829596651559321 
0.4030853658011978 -0.3442640470753089 -0.04584041335232597 
-0.4398307669347439 -0.2357003430237066 -0.4156672679033757 
-0.1197723118772472 -0.01324869646993343 0.3291546207192863 
0.101703940054126 0.3381157809292114 -0.2880764820501921 
0.298564524202202 -0.02604798323106766 0.2115421264539865 
0.3885137437735812 -0.2495153511404203 0.3954914229880008 
0.02433915112571716 0.06810886652032744 -0.2942848389915049 
-0.04529054001466421 -0.1981095850450076 0.3722017862575145 
-0.4045851960820939 0.1366087017921812 -0.01755396092082745 
-0.02942497192828447 0.4544931188733253 -0.3341585661602752 
-0.2030227535432417 -0.2034211253779206 0.1011434524330716 
-0.08199966194294361 -0.1683215463238969 0.01976833866887573 
0.2464639402427374 0.3194378179679046 -0.2085998265152795 
0.06271347735329858 0.02540947312992947 0.05701078293566664 
0.1802244406940643 0.0321694216990559 -0.3285336688426637 
0.3346264197813593 0.06623073347493147 0.1399330819397542 
-0.1446968467391067 0.0800940753706676 0.1411202150779964 
-0.1925502016139684 -0.1912409320392096 -0.1863471993118033 
0.06261871202161418 0.4326885444416558 0.1963591316680975 
0.2079204960799967 -0.4802279239336289 -0.1907177071000614 
-0.3925056512397767 0.1575187720894057 0.4179973610844439 
0.2816405620254954 -0.4670801548912005 -0.2161635139176282 
-0.06018063478188651 -0.4559322213343645 0.1471556887469773 
0.2456557059154433 -0.2645565148112891 -0.4013462759566924 
-0.4268607761961043 -0.2490661002221202 -0.05394839686709307 
0.289290364169786 0.1031444245978672 -0.451660504053962 
-0.05809201305554435 -0.3524668830004212 0.08909625754607498 
0.4407959668345712 0.4578072260672293 0.3660410161745186 
0.05135206743269416 0.07419302647392545 -0.03780854636599174 
-0.4482423904801182 0.3901427959931482 0.1299652905482476 
0.3266333144406167 -0.2738906659874047 -0.2804250198234106 
-0.1033098903515468 -0.3293302430113128 -0.0533956266505603 
-0.4203006112205802 0.007626592188725745 0.1801309433580665 
0.4607596965141219 -0.01178820618594828 -0.1243851879838716 
0.4581426158157574 0.002936516891174468 0.3540354542006138 
0.2738720660785884 -0.03219147355499813 -0.04209969988288331 
0.430340485116784 -0.2674739232915211 -0.4342305803990276 
-0.1133652810131808 -0.3302810143961394 -0.0330102839814595 
0.1961534691007375 -0.2486502721427477 -0.06512587011337828 
0.4294976013987303 -0.4338205661008326 -0.2222549745088955 
-0.4393587447138119 -0.3024228795454119 0.1786619342664834 
-0.228876094546985 0.2794768272707955 0.1670298400959278 
0.2705172721953292 -0.416212243415613 -0.2791757418580128 
-0.1066951356890566 -0.225148603995469 -0.07258950273747511 
-0.01177585358896838 0.08322490945758754 -0.2389513107379445 
-0.0546816154892385 -0.03391501264079938 -0.009621101440508928 
0.2981442518514993 -0.089565378231523 -0.3253151493382781 
0.4282837048436363 0.1642200422140026 0.04624429256305496 
0.2278208324944795 -0.01527396125278807 0.2905294311144664 
-0.07185744594024257 0.2919027319102574 0.009209018209212494 
-0.2240349428952066 -0.3552873994738678 -0.3153240897835457 
0.3480215630009971 0.1984027211539473 -0.4454710315405122 
-0.03162752793322088 0.4361343611368298 0.110200300449692 
0.1364448826168151 0.2291371600973766 0.108244050394971 
0.2577502282874196 0.008080896463320442 -0.1843771172541912 
0.1737878389412424 -0.1477961876874754 -0.01052921964836234 
0.03540153944436608 -0.006330748560215094 -0.4008949151270975 
0.1591606835454337 0.0136031895071298 -0.3711979732580464 
0.2756624443229869 0.05869566608098864 0.4980554510821174 
-0.1820414738562344 0.4289464102396242 0.3023096274606042 
-0.08209754860223972 0.1864973718174708 0.4613227638987105 
0.4516853224036147 0.4752061897657869 -0.2095762386075931 
-0.3478445507100267 -0.2233649741144524 -0.09512210646189945 
0.2827535264964713 0.2385137004205153 -0.3002428121867057 
-0.1809459851877261 -0.1591755469880771 -0.2634208959186645 
-0.3149995564622801 -0.197546909281562 -0.1709066621688257 
-0.4282736470254824 0.004813881595445713 -0.09309597601471092 
0.3359279365613386 -0.05917675565851549 0.4162641977111475 
0.152363760538738 -0.2222817309408279 0.1109459042651075 
-0.3321917977483867 -0.1475460702996199 0.1931937161769659 
0.006782361312566709 -0.008857385729306722 0.1339142039734071 
-0.303978780101965 0.02864129238635427 0.3741970005204873 
0.1289809063346878 -0.2179121554064677 -0.4495981242038292 
-0.3956738881726506 -0.09103933404296577 -0.09809046061531684 
0.3936252932936188 -0.3397026079145284 -0.381732473971073 
0.2223090429066764 0.3480784798488752 0.1550041829748118 
0.1552981316626986 0.09569372664735998 0.3244591004442974 
0.1840947151035952 0.07987139241757935 0.39848782438644 
0.3848574314125417 0.2988428257394981 -0.348634048224086 
-0.4924496868554966 0.3981129609962115 0.08452843463470083 
-0.3306036692397703 -0.4558702385573371 0.1889002217807809 
-0.1539779218416456 0.09306489964301223 0.1417636588604783 
-0.3781905545649962 -0.2486515270999181 -0.08621793527735205 
-0.0648414446644871 0.2098361185843461 -0.2843605082336446 
-0.247063570420317 -0.3974300337931421 0.393421236326379 
0.230711945547454 -0.4243369027267554 0.1696752795667157 
-0.267581563226489 -0.243334966472662 0.2692164855722492 
-0.2785330072776722 -0.30425504902774 0.3853894592126733 
0.2406340583606009 0.3366130705332505 0.4558699051438551 
-0.1945117280767408 -0.1586161764884518 0.1379190870913855 
0.00609175256089467 0.3840813305080695 0.2549149303277162 
0.3552281100817286 0.3188394506637374 -0.2653591029954693 
0.1095541190444996 0.2760740106702541 -0.02410873866091368 
-0.1955743983346731 -0.01891519317302404 0.09234457611324687 
0.03528609968282848 0.05347318020972725 -0.276264546696343 
-0.1782380763238651 0.3526487069694779 -0.03318863691127733 
0.1985757790492622 0.4631130140862549 -0.459579789973404 
-0.1575303991860994 0.3865781993480196 0.2197895038125939 
0.00218494516069534 -0.2776306143753516 -0.1377375467100531 
0.0450496091926933 0.1487774361379235 -0.49763590749133 
0.2333027750563834 0.1197346338254722 0.3799858548492061 
0.4222555639429535 -0.1507440285298452 0.4451097659255469 
-0.04017148589731334 -0.1621670747754789 0.4579716049674634 
0.1287571910105247 0.02210439324574953 -0.4914668048652511 
-0.08258943686502934 -0.08066865716191812 0.201875798126567 
-0.0734663797295339 0.2505525478632679 0.03666606409164708 
0.2465349885137146 -0.4864538926505054 0.1694261172501613 
-0.4552526156932606 -0.4307123068074811 0.01825894463645195 
-0.1219215510617211 -0.1355116531583589 0.4556425152864703 
-0.01625305927940929 -0.1651710948582469 -0.03059390283245028 
-0.1917285785933292 -0.3822228306738872 -0.01911605756647516 
-0.2835832832228237 -0.184242819607484 0.4309283862178478 
-0.3866201223680937 0.07560247236453233 -0.3492514741134378 
0.130473395931044 -0.1336395210899781 -0.07943382633797247 
-0.04432255359769105 0.07083811757232816 -0.4237624294345849 
-0.1751521035797448 0.2185925931842929 -0.1142919753811247 
0.09476675101999821 -0.2552202616401206 -0.4869393012364761 
0.0111640165663921 -0.3663775691449434 0.2921943355278991 
-0.08980898241494689 -0.4195706582810457 0.2759456413574011 
-0.1816117788493743 -0.3491696131873593 -0.4936900203988794 
-0.4481728933268905 -0.4418185506405482 0.3556189293559817 
-0.1126610102249878 -0.4936018828243035 0.03315532210576844 
0.2414944593249768 -0.2026279281849302 0.4324086689692072 
0.4924920685519391 0.3141883852092441 -0.4358161603434162 
0.2377926062213188 -0.4196730124947364 -0.4443216276767865 
0.2864032008558541 -0.4214093703044666 0.3727126781574569 
0.1819749625231838 0.4531897902052754 -0.2392034798294338 
-0.2928875342876535 0.4392096069075256 -0.2041440556795747 
-0.04914612187924433 0.001126047224855098 -0.07452821365979334 
0.4043096903751695 0.2329590583527079 0.3428879979465976 
-0.08142510809137032 0.488205032877815 0.2619798437338134 
0.0952276709445079 0.4914609063337193 -0.01655500849388075 
-0.2400315401517149 -0.2100973643456561 -0.1064048261441336 
-0.3459160848017001 0.1883615322302669 -0.2077331931402285 
-0.3717793951479526 -0.4962952551397451 -0.2343531625665288 
0.2263946656383524 0.01513969899633871 0.4529170002349811 
0.1760154917612816 0.2923647414821803 -0.2257961102070251 
0.04477360476252956 -0.490029019759995 0.08226481599944158 
-0.375242054346243 0.3067916266683411 0.2468631009076379 
0.02813110968855315 -0.2004435976971347 0.144451160118404 
-0.2093569335614861 0.3380153578128808 0.02411220271523318 
0.2537869333790493 0.3969834026852468 0.1000419110991451 
0.4043951476033731 -0.3307613081585256 -0.1053075446796674 
0.0960934800990797 0.04311536023683416 -0.3601447500848628 
0.04718422940669975 0.02533935618152783 -0.1214447683854446 
-0.1222252167036992 -0.239220095555503 0.4278519581331424 
-0.09214691779776191 0.286749381373403 0.3968465858109729 
-0.1994392938906693 0.02378522746617462 -0.2416860752195921 
-0.01786823712090796 -0.3114650643537427 0.2066619314315374 
0.3670760396561362 0.4469917150651959 -0.4102523107177134 
-0.1105869348259521 0.365383332935519 -0.002330125311697018 
-0.1624200084828027 0.2069147878390875 -0.3831663209788188 
0.123642394899989 0.05772620351773328 0.2042981579008495 
-0.3608656724550442 -0.06935804064325807 0.2994075387710775 
0.1424978693411666 -0.03831501122407149 0.03960274396427232 
-0.3966864155574575 -0.1085870825765534 -0.02309992725318288 
-0.2404810765203844 0.2345448911511757 -0.004020170778054888 
0.4329858519444111 0.1932063281472831 0.2187517464335559 
-0.4394033164152906 -0.05153946583302643 -0.2238057653641382 
0.496499363795388 -0.3352004898108547 0.2853664595497459 
0.1540795063172277 -0.3857424453699425 -0.1732802266937497 
-0.3207725987963123 -0.2250693721930211 0.2590594005389693 
0.01133891801474518 -0.4268089280713433 -0.3776546678297731 
-0.2420031723957538 -0.3473204745420445 -0.4152168230295338 
0.4508546795238319 -0.4854086846908635 -0.2637637134303932 
-0.07673347329416635 0.3405110326972893 -0.03108003459040076 
-0.3621450307426463 0.4284672298733772 0.2487252156703967 
0.3246939129426087 0.1305883723596003 -0.2012306872766751 
-0.08416339716330484 0.4657806222939683 0.3749113365774148 
0.1348270095277829 0.03754416530723137 0.004782111854089499 
0.3729499814779963 0.1703318689673504 -0.2322835118810493 
0.01101372019482194 0.1075913152728149 0.2872310353324107 
0.4920046711266084 0.1224998614029026 -0.1448342731640062 
-0.2296318469845055 -0.4224543845490127 -0.1908417220142127 
-0.4768243124492693 0.01378048398884058 -0.3914096205415294 
-0.421493291316082 -0.03774776359810284 -0.4266664110372461 
0.01762912330928179 0.2926714083111579 -0.07164671790939448 
-0.1663912554889836 0.4621663861555666 -0.369555413601506 
-0.1178374212401336 -0.493541773868298 0.04340654522497811 
-0.4661986566765222 -0.4008230268031573 0.3673877435432633 
-0.3142010567842061 0.2228371740531523 0.2243786544766079 
0.1320401193872468 0.1982815952024252 -0.4812348978419182 
-0.1149281758022757 0.4021462778580806 -0.1275150995957806 
-0.1462818213238212 0.4414262426471582 0.05085280309510676 
-0.3169426916324931 0.1441803003141473 0.2383023386246547 
0.147399486645497 0.343166984471648 -0.3924985838984126 
0.2762995783950198 -0.2329919903846383 0.103615515961885 
0.465972047733117 -0.4078013095146058 0.08339026671218708 
-0.4597919340802282 0.2769635992841456 -0.07279291196986371 
-0.4304748209477168 0.009683787831742174 -0.2445819007647986 
0.3119918474107905 -0.3530269217239944 -0.3234745653564805 
0.3629786724811221 -0.4174583637318186 -0.222719886547625 
-0.25313537591429 -0.4462649235001439 -0.374569687409857 
-0.3927372790805411 0.2645496542235367 0.2860325517002796 
0.3490902752141377 0.1602488790268534 0.3029046373468867 
-0.08176639450878498 -0.2477957822827583 0.2962852002086911 
-0.3346463244731038 -0.4007767135284625 0.1457749508747598 
0.03959429826549654 0.4613667255839024 0.1905493649566075 
-0.4368285787634818 0.2220762280952895 0.4351599467314407 
-0.2667826034750628 0.1847815696939654 -0.3761635128186676 
-0.1801609123872229 0.03554300501527541 0.3712811007828276 
0.1214540383046996 0.2780169237200328 -0.3695691263951074 
-0.3483083432990204 -0.01832701360651012 -0.02212145414400979 
0.2047164619012889 -0.3304303403295859 0.4572687539805367 
0.3159406593217893 0.01465483569973602 0.3038195779582668 
0.2956404539715876 -0.170896326350883 -0.2545595548623796 
-0.3824404928669711 0.3226354651363896 -0.4657438909315913 
0.2424248449899488 0.4343639360129498 0.3546652573669937 
-0.1410261216955503 -0.2260301464479698 0.1113265050680623 
0.06456589471974028 0.1589881364805513 0.1136046714276119 
0.3537078819737843 -0.2316343479153089 -0.0784875127286534 
-0.1396297292221614 0.243138143087866 0.4227650621186616 
0.4123918068710638 0.06909094151956119 0.2114496656800151 
-0.1654744838974201 -0.1296534818873307 -0.08607297864376845 
0.3714446950437917 -0.1290172190675673 -0.3924037720005995 
-0.1301968559903995 -0.2185615247288361 -0.3635483201253678 
-0.156617414817789 -0.2688935299114264 -0.2935590299717701 
0.1533816490819507 -0.1146289930815147 0.4305102633596494 
-0.4140109968502177 -0.2828247344892703 -0.4353142608286015 
-0.3267822524782105 -0.2293187568237248 -0.160348054636594 
0.03024306477070138 0.2951854516707225 0.1818800067360327 
-0.1427321239772552 0.1011895184416226 -0.3077682566901373 
0.3389083047759797 0.03187180453154426 -0.3305854008817909 
-0.148833945997836 -0.4521331339628744 -0.001582888422145379 
0.3963903886232436 0.1332545756672086 -0.3903517172581998 
0.3586871836881034 0.4554895259956732 0.4124559316900148 
0.146836773163487 -0.1143585034779818 -0.02337097239063213 
0.2040633006990545 -0.3081106611603039 -0.4158836229852248 
0.2439478293470553 0.03116201379444639 -0.2600383136980592 
-0.4639402012936214 -0.4429634240856054 0.1137309471273151 
0.476023565955482 -0.4719346249214696 0.1947587255339686 
0.309894612347609 0.398743388148717 -0.319882418326924 
-0.2638062301686092 0.2086877079761472 0.4143024090810702 
0.1805822701943873 0.04620983083379437 -0.3513774511882826 
0.3991767157792828 -0.0369449346670368 0.06647942733623036 
0.3197308069278773 -0.2843343785818056 0.1920974880383327 
-0.4175239563151486 -0.3251344341087475 0.465564566166666 
-0.256343993597053 -0.3735022925524993 -0.4530319198528602 
-0.1074773344280918 -0.3715628049071532 0.1439369205794641 
0.1478191396666869 0.3962753083522201 0.199100461508241 
0.2814510979516908 0.3485971585368711 -0.1275631120685145 
0.0467725499037398 0.1062419531925041 -0.3914974382068007 
0.1025552094006493 -0.354600319037773 0.2324367945384577 
-0.4347999244321137 0.3176695595659963 0.07228122658308711 
-0.1694292967854341 0.4018063404614165 0.1591570774644213 
-0.04700421406608468 0.000170646235505667 -0.1319526342041349 
0.272074050989071 -0.2514310691053338 0.1980196015890871 
0.1154384451130763 0.1739421991388707 0.44653565291924 
-0.07528879407354516 -0.378765317964149 0.09130002799564974 
0.4795658956091533 0.06399983685836186 -0.3547463355164475 
-0.2216621616125686 -0.4759524008035216 -0.3320004929155116 
0.06771425443488566 0.07346984424951475 -0.1923321864496285 
0.472939933624994 -0.2985431792200946 0.3847852716080707 
0.08605299246129861 0.2926397107473013 0.3956123268190886 
0.0563698392886387 0.4078845702185152 0.3159645575247375 
0.416311932649754 -0.04535512676961268 -0.2836191749978989 
0.2125241171685273 -0.1071683248571757 -0.1780389488470172 
-0.3006157915113641 -0.4496094919271856 0.4132687858429447 
-0.1915234850640628 0.06478411430938558 -0.1733952222144187 
-0.2535023137494012 0.3866108850451288 -0.2308619853396546 
-0.09738970976079786 0.1711448996059083 0.4323224243077658 
0.0429780441736598 0.331984177540973 -0.3419345802086727 
0.1055091960406948 0.2930531173879776 0.3437377334048392 
0.2000787320547539 -0.2767558347217327 -0.4353159153231568 
-0.3545893424698984 0.4169199708075448 0.1739421865660159 
0.4463243409491371 0.3731909262698059 0.2198909830487249 
-0.292253534116087 0.09485048530143736 0.152101806040948 
0.3750490270322645 0.4489904832551167 0.1830446419148191 
0.4312913170375781 -0.2868418379564228 0.04922779840345293 
0.3716034687791052 -0.4605070510511352 0.257992674836882 
0.08288005141809585 -0.03498037768060375 0.08478868294953246 
0.04338975627290997 0.2516294263784117 0.1357632597310127 
-0.2268986764614458 -0.4860574249048321 -0.1671404844775242 
-0.1301252186578933 -0.01455287776380115 0.4097796249294464 
0.1661490692441808 0.4674015738697738 -0.3817555418999452 
-0.1653936376472876 0.2291294436241774 -0.02144671466336279 
-0.4549370924522515 -0.1277131974955212 -0.4757132208679926 
-0.3121033183411726 0.4795271698194809 0.4131354902993287 
-0.4318216856865415 0.3729281331160368 -0.1968735504866331 
0.1462345990782926 -0.2350983486837692 -0.2979484012331333 
0.3812188938085166 0.145941343294402 -0.1638483062049824 
0.2015149823404057 -0.1376972949483407 -0.2784390321731931 
0.275184531486765 0.02641463142485789 -0.04929376211882919 
-0.4802634585464964 0.2120520549007245 -0.04111885609209431 
-0.0846179310089144 -0.1735697176061289 -0.1862463608256041 
-0.2425888513611526 -0.1908268413421017 -0.2267248562786028 
0.4353383872055806 -0.2677335560021303 0.202122454719732 
0.07209097973265777 -0.3669081105542444 0.3753848735945159 
0.09356365221884444 -0.4757018033188785 -0.1202085703799581 
-0.3454453482715835 0.1000303901732251 0.2107629456657572 
0.2928222420558541 0.4634160282680914 -0.366820438175295 
-0.1511054543322934 0.3706263069721184 0.116334466837658 
0.2333793171992333 0.406178428238424 -0.3591636888302525 
-0.4641192722731449 -0.4526093755407346 -0.005775083793117752 
-0.06183717871255912 -0.2974660511105005 0.4880774011724418 
0.1168737724580558 0.2974888750328579 -0.1044835640159282 
-0.05526351095667437 0.1861678708215876 -0.07660047158282296 
-0.4241292061508905 -0.3395683717351112 -0.1256250074371929 
-0.3795029268409152 -0.3056923582271601 0.22853375573506 
-0.03317306240384754 0.4603365254219031 -0.1240247498490147 
-0.483973654903447 -0.1452180874955077 0.3196006867285824 
-0.4712645671994095 0.4564188550751832 0.03168976356432751 
-0.390147935496781 -0.2163527540083535 -0.2407388382039394 
-0.09765572249671045 -0.299731151014316 0.4185433354401433 
0.4578315540755461 -0.2250781485113112 0.111555819037888 
-0.08135421628258582 -0.3203163378129865 0.4433089713038029 
-0.306126679578914 -0.0711051999322187 -0.06509861728651323 
-0.1124641379457564 -0.1847694871805324 -0.4207735102817169 
0.05961207538807023 -0.09985333224744847 -0.2349582144384815 
0.05728785838679207 -0.1629684545686175 -0.01081857225933913 
0.172252209086206 0.04287285082309778 -0.4360004648901527 
0.1401860906185453 0.1076200158406235 -0.2303985219731913 
-0.3079609133377307 0.1009280300707818 0.2973966969152881 
0.3462788149214152 -0.09196423887458094 0.3570340418787991 
-0.3288648504101344 -0.2315421823705939 0.4705387968295616 
0.3455507190390963 -0.3290717274221329 0.2914758788342363 
-0.1649106272169488 0.347085742603136 0.4700693017524381 
0.4547469615514828 -0.06782467623038652 0.07066321379566865 
-0.3633702023545002 -0.1629920412441642 -0.4072398281723632 
-0.4797928188739278 0.1220930280369642 0.01751734876774003 
0.4140766895507245 0.3869141255383511 -0.1342990180796935 
-0.1635997273620216 0.3793795941205506 0.2328315020844634 
0.1990497984914573 0.4299577753338569 0.300322758313569 
-0.4754072874555432 -0.1702804576328774 0.09634598400103489 
0.2869484385353964 -0.2575996944285927 -0.4780661584605148 
0.1420745827649483 -0.1524924944643793 0.05864281771578161 
-0.3901670229529655 0.4628443703640666 0.02532517353568708 
-0.359812497030769 -0.3686386932326841 0.2894818105636926 
0.3207839655883461 0.4161032200009592 0.4468113868001955 
-0.4410294591831317 -0.3821209523660326 -0.3068473383848065 
-0.1832177449792789 -0.3406423459208033 -0.1759091379827905 
0.4951153872489141 0.4043057047802077 0.1659731638300914 
-0.4890407198006667 -0.3073777754859792 -0.09827410019773442 
0.3071948329985094 0.02355188878583903 -0.1634092737579805 
-0.4196666846234972 -0.3379690957609276 -0.2465937219062762 
0.4993139384308029 -0.03064461427800785 -0.04403584361452223 
-0.1104271976374343 0.05008625895724284 -0.2002500106582884 
0.3980685206112159 0.337618884479272 0.3605848880117618 
0.3502060788219852 -0.08643989273015401 0.2047196479558197 
-0.2768823218316606 0.438815229515373 0.1675551176700323 
0.09885745597896856 0.4972579521101508 0.4143933108210501 
-0.2916321868930312 -0.4621667419207904 0.3635682415809186 
0.4914294923575869 0.4554702951158121 0.08924253386374803 
-0.1007379634312708 -0.1029545139548876 -0.3565191471544272 
-0.01730734716850085 0.1154123615617048 -0.264444048762735 
0.4888706016250612 0.4481937735790329 -0.207254877972654 
-0.3327363774485294 -0.3002970864067758 -0.0931328014406681 
-0.282996997500767 -0.3305386936576466 -0.3638256302697823 
0.1826309903363055 0.4790492402194526 0.3805727063497274 
0.285468728547421 -0.1270854506893879 0.07482734515781264 
-0.3768144313961402 -0.1201494388469955 -0.3516216742355579 
0.2945199620858953 -0.003003440334464813 -0.4788255910191923 
0.3782915751247589 -0.05350375180458999 -0.2375600740663336 
0.3278331135658855 -0.1088667769067611 0.276077467273993 
0.03398640037885536 0.2094269885769365 -0.1606085395073598 
-0.3477261563276184 -0.2335105899102153 0.3875132937799332 
-0.06407838646702319 0.03455523730679899 -0.2301307681297239 
0.1921779319571125 -0.06550301384693291 0.09084287433963534 
-0.2038155977649759 0.4712460464530122 0.2322951347867913 
0.1843246307078047 -0.05593704949686029 -0.1339943689610756 
-0.04336199308127353 0.2149787095514859 0.1471658364377598 
0.4162079448962658 0.2069227012870113 -0.2501650017222064 
0.4768141000315679 -0.1854284142008316 -0.4953599353277683 
0.4855669103428413 -0.07694558107941002 -0.2243845124956076 
-0.2305036706202698 -0.07519422385394037 0.2106763624685596 
-0.1623815527766771 -0.1467601597744601 0.4019919064845815 
0.2779652274008516 -0.2384291624076936 -0.2789346331534298 
-0.05438113962708147 0.01618280030431485 -0.01567932499170238 
0.4775810744404616 -0.2948895299759596 -0.2083319110873452 
-0.4344319276832341 -0.497409085275055 0.0455037621273694 
-0.2182741944848319 0.4656110889889403 -0.474434920097175 
0.1722977270114214 -0.1921073805467294 0.2512527417868867 
-0.1951746672346952 -0.3006345991051147 0.2342912803723396 
-0.2664565288149347 -0.3348816203278319 -0.3553941420795341 
-0.1093470622872441 0.2039210812225203 0.3016065981254044 
0.1020884202812691 -0.1999250447376865 -0.1402292546259512 
0.1669146862504209 0.3351265916927966 0.4726200452750735 
0.3250933264615883 -0.1564686174099041 0.2319445034786543 
0.291264237641603 0.2780358500574118 -0.05147417406688831 
-0.1264470523469589 -0.1956117187585791 0.3538404427038883 
-0.003686157989954697 0.04673877875016885 -0.461349824873125 
0.09349305517365514 0.3377736591154464 -0.03811780320305175 
0.3540779518467169 -0.01186999633151104 -0.4990321639916228 
-0.2335802146546359 0.217330214769887 -0.3310859765215646 
0.4379912805166014 0.3194443018356751 -0.09962546089629221 
-0.4051244174177986 0.07391571679517228 0.3014476851573658 
0.4312381678551791 -0.1801201460697876 -0.2792974983149185 
-0.1530559059726595 -0.4106143977591902 -0.1961838381329401 
-0.2617698779904935 0.433658749734665 -0.4974005166416993 
0.1895167829371214 0.2085654281159541 0.3591447997457765 
0.1466426035823697 -0.3777666519188943 -0.1241197573245687 
-0.08076429560851706 -0.4055195733956244 0.4325292007369261 
-0.4817305127919936 -0.4447286379940143 0.4457808024676337 
0.2379396718348746 0.05205875360598666 -0.04853246458669425 
0.3148641584579499 -0.07809517446727976 0.4543994268909092 
0.09116028630282758 0.130927265277996 0.4945425898717182 
-0.222699809561204 0.08429853486297512 -0.1945291307703863 
-0.4511032485879057 0.3077006007616414 -0.4760093204453674 
-0.2886489129519546 -0.3222816375291735 0.4125166567159041 
0.1674422828177384 0.2024420944065247 0.4442751933301568 
-0.06683309009935062 -0.2637486898002668 0.1757686782402627 
0.144169895578334 0.06342994381061751 0.06706121570156998 
0.09784785853498412 -0.4710462814858614 0.1251468408155692 
0.3429486950328096 -0.06128918059290311 -0.08726165824314736 
0.3933066775959979 0.3053233649631248 -0.4302113674862416 
0.4375461129821335 -0.1624864467070312 0.09028755369622965 
0.4629103531715556 0.1342982185392624 0.1501540254337285 
-0.3612996236060743 -0.3627750327463961 -0.1599764424934764 
0.2759283513537872 -0.4722048695871652 -0.3472433689490365 
-0.1193031218082673 -0.1275712108496309 -0.08934366431957452 
0.4010305673824908 0.1207389460138408 0.259460796843712 
-0.242393391432607 0.09426817632677798 0.3652348735977289 
-0.4974862146167888 -0.2508090839263136 -0.3482754997427348 
-0.4663253635785779 0.4696140717432034 -0.1963038003969042 
-0.2779756475034875 0.0632906715043734 -0.2736884344124128 
0.1184810596690337 0.3111650173656316 -0.249559484188966 
-0.3462527239194631 -0.4695321176848674 -0.4263021679840071 
0.1394621163042841 -0.06021627835949539 -0.05499382974113692 
-0.2812999419693835 0.1918736092670574 -0.1802544632742689 
0.4632332473650884 -0.4388190735493033 -0.2321696218402773 
-0.07483636548261752 0.2252020064976085 -0.02988247017365181 
-0.2346798877554758 -0.2648755826660205 0.2360802923665198 
-0.1985319565967955 0.2734031186191395 0.08620857921075875 
-0.09241379247271808 -0.198613278752764 -0.09337835627922636 
-0.4100371672865349 -0.4946712888727629 0.059647874030888 
-0.4981855428760736 -0.00441913213992412 -0.2723577541973049 
0.4832234247431377 -0.4639080371371545 0.09761955365316899 
-0.3081664282904625 -0.3531617790955695 0.4099775919783651 
0.4933812590254296 0.2588126661803691 -0.1355254451143793 
0.2238411104528616 0.09753771647581622 0.3163961328718775 
-0.3302012116929528 0.3082337480115087 0.4845965043498171 
-0.3865590983876578 0.1012325110856747 0.4148091118920679 
-0.3032635895565744 0.04884878317718278 0.001494563651731728 
0.1191273700624028 0.1737037935980631 0.4396537304293865 
0.2602399729753285 -0.1467801534075105 0.0659589158054058 
-0.4285064879139015 0.09145707179927931 0.1190011018132802 
0.05151333152457449 -0.2154413826907439 0.07667888987500116 
-0.2579023840445116 0.4346294695833972 -0.1825120264501423 
-0.4796310323100826 -0.1587601948145406 -0.2825969185518072 
0.3935881987154374 0.03684881705497278 0.3180640417319388 
-0.2976570136823291 0.2785694578462927 -0.08312807053618887 
-0.1334847641489327 -0.4784339195847827 -0.03888663001254816 
0.4324057706933523 0.4437807462585911 -0.3770050181793095 
-0.3233415021778471 -0.4006284856243325 -0.3629586658095556 
-0.2462973336189029 0.4807118819846883 0.3245928416257657 
0.431882751110832 -0.3466093734340829 -0.4637405071069864 
-0.08670323070762981 -0.2212017376173304 0.2623936839051486 
0.05063942731417659 0.0968505601369315 -0.2326404496400062 
0.01196080819886258 0.02529939173283002 0.206872742815756 
-0.0898170276450152 0.4452131604265545 -0.3024201083950886 
0.2252366577510132 -0.4474988546664816 -0.1132507902693477 
-0.4060350837242185 -0.2316528882194803 -0.3900944049377874 
-0.3166646494685343 -0.1827650523584011 0.2677625299131149 
0.2848342412941477 0.2090872886675291 0.1300550858770079 
-0.1641765960158562 -0.3160518666878825 0.1162751373986483 
0.2362294362264028 0.3081288955250093 -0.2776592357807413 
0.3812224933702708 0.2064391776979334 -0.3767459596290681 
0.03065554986768915 0.2278224734848574 0.01230616403027085 
-0.1703051525822888 -0.3187020307580959 -0.4250323701883036 
0.4809536589132191 0.3881376775802464 0.4299401407408902 
0.003938154321106335 0.1885557311480453 0.05616801656425741 
0.01585004293904646 0.3916676397357766 -0.2419859392028171 
-0.05768220085434822 -0.4647532207563084 -0.1073815269464455 
0.2386735386575326 0.3861584364307658 0.1648341567859372 
0.3676678984124846 0.3943618283554556 0.03924217078764192 
-0.4568397923902048 -0.1063910397760486 -0.1142085963992482 
0.4961172989533444 0.2434357132235875 0.4240263308622189 
-0.3894644304080535 0.271317267111798 0.02930231162281927 
0.4839473026655123 -0.2976918013744911 -0.3061072843206183 
0.2548709062439118 -0.3846846664181768 -0.3951893927484652 
0.05187525651592317 -0.1325680558873043 -0.07131817338179625 
0.3554566175262039 0.159364068097774 0.4318873592949355 
-0.2691596232067418 0.2342109579911558 0.3835652115601722 
-0.4194962232555228 -0.4730248856107005 -0.1292526699875041 
-0.3496273815162735 -0.1874023207345999 0.3291929674606705 
-0.2538023779669799 0.3434315825285684 0.05460095690060496 
-0.3217217119612933 -0.1768143285781278 0.2815770583987023 
0.4656143905274705 -0.4189459620220083 -0.2247843381248268 
0.0496269823514176 0.08068807896290731 0.1245385851939568 
0.1199964672513273 -0.2193797591322845 -0.1156139323633294 
-0.1233642386490146 -0.3827619216244313 -0.0796176591698245 
-0.1340009571369746 -0.1540894654151885 0.2183520600370617 
-0.1569325790339453 0.4341414919441021 -0.383952206358269 
-0.08473317146742082 -0.1104161027915926 0.2365573330191498 
-0.1809097115703949 0.4504751394972905 0.1356620924879444 
0.07278347022159348 0.2717795318661067 -0.201413966437256 
-0.1645362476487982 -0.3607168587490142 0.4317539156710299 
0.4880533912107846 -0.286661653115099 0.07759442513584569 
0.1294987379848014 0.4852843843263428 0.1746396619590369 
0.1687932658649919 -0.09158584111517837 -0.2832348191023197 
-0.3276063490916102 -0.07991053171447526 -0.05630981275468117 
-0.3990264403624707 -0.4373839622711613 -0.1122543812843546 
0.3406107196031238 -0.3556422091607397 -0.2786104942472749 
0.3934214537902003 0.2343668599933078 0.003810160331251256 
0.03736074458561911 -0.07796995488737707 -0.4410350950816973 
-0.4768434995569694 -0.3086972351266977 -0.2744322715089026 
-0.3831890154473381 -0.2577835375049929 0.4320832583420754 
0.02331566067721291 -0.1336950935737184 -0.0134405600963538 
0.1045026528690967 0.3760820402541031 -0.1891563056867163 
-0.150032109255001 0.4103370126433084 -0.4658356285335828 
-0.2994090312155048 -0.1675892087329078 0.3281662248337327 
0.4897342994713544 -0.03563653075661188 0.05682393960358945 
0.0399485598690329 0.4154414934249981 0.325172829744567 
0.17974305914691 -0.05841023759768366 0.2991332400582109 
-0.4676405959461262 0.3645036806021851 0.2133531153326418 
-0.1741961871033499 0.2846808045028531 -0.3697248616905183 
0.03424854812607969 -0.3846558261519818 0.08952896119051512 
-0.2867538847837168 -0.4725432288577252 -0.03404762645629011 
-0.2384614974618531 0.1776101120539104 0.09314798712092265 
-0.4617851008305187 -0.2221899574829172 -0.3466175895618439 
0.398171034081067 0.06056277133576826 -0.1215065467371667 
-0.160533973631015 -0.09449747306713602 -0.219033012836271 
-0.2878489380589211 0.1228963836309467 -0.4804851896879125 
0.4854167629828833 0.3995277415025307 -0.1372556068350148 
0.1450130852358538 0.234918511225766 0.275412420067389 
-0.1434619958917257 -0.1657677424752784 -0.05845039762412235 
-0.3758363242967392 0.3188965733339046 -0.3052983859603278 
-0.1499743588734179 0.3809476754450684 -0.4124256893176825 
0.3614389527229955 -0.2955283264587897 0.05541560710912163 
0.3701043365244794 0.3435771575603421 -0.4987194854754205 
0.02160760482922908 0.159010282865735 0.4858189672099603 
0.1593741827266051 -0.3981160744075813 -0.1368633654311889 
-0.2625856439234555 -0.2769192795054235 -0.1823323934174445 
-0.4605386531544278 -0.2731438752013667 0.2708877155286146 
-0.1901711436828329 -0.2064143020719423 -0.205177220706993 
-0.4135507297828335 0.4528838637777454 -0.380908944998783 
0.06336047366574449 -0.1005235087131369 -0.498614068141779 
-0.2066432695897699 -0.05343429097294278 -0.07013187703688806 
0.2935392770856053 -0.4853762327557208 0.2816559605129584 
-0.2082777761000001 0.4754148046257112 0.2966137107430154 
0.1866302235858797 -0.3058375658521779 -0.2119707970060136 
0.4068124661285546 0.2971111259396292 -0.4533125711170142 
0.175616871263475 -0.4072499623589683 0.3498819073195401 
0.4652096684698106 -0.2211095818515025 -0.1887443607568223 
-0.2264736757860274 -0.3430710764071635 0.004417596854658368 
0.2465463888333611 -0.2948487203520245 0.4775554383895876 
0.2742453634499064 0.2418174433911382 0.2257652694599379 
0.4368781335064006 -0.3892174902271642 0.4216408854551994 
-0.4816453675568526 -0.01369267144584346 -0.1327327961406976 
0.1598923892340552 0.3113806925820007 0.3752938759283105 
-0.4358341232275908 -0.06410958810160827 -0.4898506351652096 
0.08037469916080564 -0.1424357464000916 0.08240745550245743 
0.02210007190899932 0.4359044888391201 0.2467365947055972 
-0.09805862707836427 -0.07134845161004777 -0.1534295646971367 
0.3093034232121924 0.4626275938587521 0.3819624505769111 
-0.3571000563512557 0.2193517863930685 -0.3545317215421533 
0.3853549029541713 -0.3401529782825643 0.04889275417560035 
-0.2594848664100141 -0.1621516353098225 -0.2825372962118474 
0.3956608659547389 -0.1278329083023899 -0.4876927509789288 
0.3479342012181266 -0.269886763086437 0.01317100554068662 
0.3650861064578277 0.002184466460891543 -0.2856761219777876 
-0.3585837579877896 0.2827783928092368 -0.3435581813972054 
-0.182355967054475 0.1432592297375754 -0.242130834834772 
-0.4929430861891649 0.1055503637581602 -0.01504105563745001 
0.2049741062381995 -0.0002019717359934004 -0.3945428783954521 
-0.0821580175144207 0.170196365257908 0.4903056449166552 
-0.4330336362431139 0.00367513811558029 -0.2319576332643233 
0.4880556291789334 -0.2490481224367843 0.2482042412722523 
-0.4313227929466617 -0.2421815919151358 -0.3460173353981388 
0.4866427588152166 0.004839685750044565 0.3405944503290527 
0.3709201019917802 0.05414735996550635 0.05467460356156773 
-0.08394228162611117 0.1820694540460309 0.04130881376686391 
0.2772287435617565 0.383486959974735 0.2653293812324566 
0.390904384563588 -0.07001561212354862 0.2476036746498231 
0.4749539890093301 -0.4483143505158968 0.1807104751288057 
0.2009501626723913 0.369378549390825 0.1452728078190916 
-0.3999240346252211 0.4767492711327498 -0.2750077161705193 
-0.05468743858364172 -0.1317837602754904 0.1103381683214924 
0.4535902030333785 0.4905349193052714 0.4203810118328604 
0.3436586720344226 -0.1287057200714068 -0.157040145860091 
-0.3737341546208916 -0.3499377014580534 -0.402949579901015 
-0.3735901558525768 0.07024959667609032 -0.3150331278471585 
0.2382188255323272 -0.2562050556356135 -0.03837197556940092 
0.08220299247857466 -0.4143099690920766 -0.3076512010839313 
0.3062618773488904 0.3433662930907367 -0.04271862427025908 
0.02807831114910386 -0.08782864975540772 -0.1361196647734564 
0.2367913049988367 -0.2485426508342313 -0.2563345388102667 
-0.2145956910351251 0.2902185393406251 -0.2970154865617077 
0.06071576900846865 0.4499253374058058 -0.1048616549045422 
-0.4098370730968537 -0.1316882442978101 -0.2843247957381651 
0.3531563411030512 0.4986182423295623 0.276791017760328 
0.02662941862515122 -0.4393652886518885 -0.4124068467993353 
-0.3218748418817994 0.2495310988738492 -0.1308270931530996 
0.1890424868921213 0.2370718035260884 0.4657960948215761 
-0.3650418923842179 -0.2590863576709166 -0.464415260557472 
-0.4272844678976429 -0.3700525247212989 -0.4727840078741163 
-0.08082055308001168 -0.3510388963399818 0.08926804837702596 
0.3280844612308633 0.1155334265115983 -0.2297054368347912 
0.3407210026315609 0.4978846493157415 -0.0527067599377658 
0.1574822255945599 -0.1962395777890827 -0.1985862783143169 
0.3604180127013642 -0.4544672620990009 -0.2312744541384973 
-0.02975280865072533 -0.0554586728619958 -0.09391827051892715 
-0.4843757897469921 0.09610160030061532 0.1795915874462496 
0.3958048908000857 0.2927926665104857 -0.03366016273727657 
0.2736412252054002 0.08806597263372129 0.1247974528230703 
0.4707847078990048 0.4785780613111128 0.4614687976068527 
-0.09392614624828671 0.3832568273723654 0.3974907350703056 
-0.373222697408146 0.2461236694325913 -0.399493685829913 
-0.2903785298488835 -0.3919528107083894 0.4491095789234243 
0.1846855382292397 0.009835660466771312 0.3079414752385965 
-0.4276319881227165 -0.2108249447409296 -0.3348485239174669 
0.2008572269239065 -0.1925925749285077 0.0965907709641296 
0.4010829254063618 0.0007202527492495836 0.1052840380978622 
-0.4911764264024575 -0.202198615020326 -0.3521249772534938 
-0.1644938566391299 0.3517488407453046 -0.1572402596075463 
0.2629540937607681 0.4694478665193989 0.01028500451732894 
-0.1399330707638832 0.1448768536978186 -0.05472494760036928 
0.2378021960498785 -0.2584967638910718 0.4448873931028763 
0.222408485340335 0.01940746141542449 0.1811999442812055 
0.4274582033301314 0.2900161112565697 0.3007757065824938 
0.1372942651038005 -0.4952913881235676 -0.3623602295875179 
-0.1883797544877788 -0.09853611476583046 -0.09648401112899557 
0.3932217973221297 -0.1212593974743592 -0.006696315488495253 
0.4550217245286533 -0.4498833212534742 -0.1889806992271735 
-0.198614345117113 -0.1113007418916568 0.3684279852252714 
0.1691408848102586 -0.2491542308117768 0.4648407837048553 
-0.420955823660787 -0.004528885245815739 -0.1169782039867511 
-0.05267740278754141 -0.3491121510501133 0.4720761202947015 
0.1833461855383088 0.499334994702912 0.3232481510594936 
-0.1683315859812606 -0.1489681826429145 0.2917515735996437 
0.4686912931210281 0.2945559041523895 -0.3989251292300645 
0.2653522396137493 -0.2249148015164908 -0.143071240413069 
0.4016595845126171 -0.3073701530763602 0.02983573826945918 
0.4492489485528776 -0.4729291009464572 0.4806001814832913 
0.4472425155781605 -0.1950480911834613 -0.1732709069487368 
-0.1641356443652284 0.3722225254142867 -0.05602218821274319 
0.4350792341260977 0.3766806394575915 -0.1284994973135176 
0.3089457445861267 0.4511229283652481 0.02304959113062322 
0.3944740392216239 -0.0748298024524281 0.3355068548913177 
-0.1362963804381866 0.2667311292763158 -0.04991625347166906 
0.05752437939636812 -0.1877598484864085 0.3202240456084013 
0.005528121260486629 -0.08886993125907139 0.3630621115333048 
-0.01509821416353641 0.2443107587698016 0.1309168190983281 
0.3189736481932678 -0.009901225110423961 -0.4098942665475368 
-0.09293856946093826 -0.01854011557860313 0.3962737027521001 
0.1721151402891754 -0.2608424199380376 0.02144622990996226 
0.4467820161457937 0.06533795275291232 0.134967493950359 
0.3986658546129855 0.3770114475647094 0.4313923566894534 
0.411331590648118 0.250036890851368 0.370018669283035 
-0.09623216893173026 -0.3740663955677919 0.06608870678217027 
-0.2471095423652879 -0.1700805124548082 0.4568245904118051 
-0.1491164370897379 -0.1999609132296973 0.2569290006132136 
0.2057073826023447 0.3239738748632128 0.02890837754021247 
-0.1369028209120993 0.07428608888228061 -0.4737086500727652 
0.3787180216784757 0.1137834732549111 0.3588301919948591 
-0.1409698637583944 -0.2805029971343493 -0.4138745548332805 
0.01035624324377271 0.05737620411196365 0.3218581479246339 
0.4698857376071491 0.3695843730769906 -0.3954485006588032 
-0.3029513906714985 0.2959754423200856 0.4592528445266679 
-0.3374495476833075 0.4854508149302107 -0.02816118023187031 
-0.3049598497384786 -0.4601960810461976 0.484465545494543 
0.4124154224176103 0.4659974323268956 0.01883755812313182 
-0.3971646850902258 -0.1468631160881958 -0.3283948580067557 
-0.3323798625100216 -0.308350517701684 -0.4471525120988046 
-0.2922712581160211 -0.2030367815895349 -0.4391904994279058 
-0.4747243607181351 0.3076692128625411 -0.003545740156942756 
0.4067412972513039 0.1009758064532427 0.1003743564713507 
-0.008195484530362729 0.2584876495026869 0.4019192558731132 
0.05692640091937629 -0.2379841066319348 0.2011177867661396 
0.1866366916211664 -0.1971292967881349 -0.1520934883990264 
-0.2352622451589091 -0.05255645751259891 -0.3163849160227784 
-0.481285031867479 0.04246925706273808 -0.2192007919952281 
-0.1077132612538648 -0.3367849638096848 -0.3448880266816244 
0.4669343484257668 -0.2344135755993552 0.211032823390358 
-0.1713428429061015 0.2408367053054615 -0.257499729057308 
0.2020518362541235 -0.1147935712847799 -0.3355555979866121 
0.3170633523883888 -0.11624280281015 0.3072101667590534 
0.2812664022494726 0.2444164927531187 -0.09201212422178323 
-0.4477749885504833 0.2457670236432618 -0.3936394642979274 
0.1015227125971789 0.2922259134168047 0.4409205964216223 
-0.4475433057616868 0.139659653082173 0.2597843462226767 
0.1955010184976281 -0.2143875534780207 -0.2116135402690745 
0.411226441069717 0.4827879275966324 0.2166914252719762 
-0.0672210627861517 0.2155943663936056 0.4945103772864774 
0.2359032707623237 -0.1737340569251534 0.05170270572575064 
-0.03262918492092676 -0.3987146237853119 -0.1966827522932391 
0.3529798340545779 -0.4679357204287646 0.4043465032282718 
-0.1483273200209507 0.0627296558234185 0.2973210204367721 
0.07438424096851071 0.1759334627314783 -0.08629716195752579 
-0.3964042578790377 -0.3663629837020887 -0.4626681268798822 
-0.06320876214952093 -0.3496688654177532 0.1153777475612031 
0.1537984452711404 -0.1095354446298773 0.03777904998304238 
-0.04751114365412962 0.4802050641553524 -0.1934944122969121 
-0.06058987282271483 -0.3339959702771119 -0.4702737466155307 
0.1091404004107606 0.3227049366782465 -0.2981356874090952 
0.2335001358143055 0.4367768908262038 -0.09080321536474229 
-0.1296438375764004 0.0760189551636753 -0.3494250721758465 
0.212810762424777 -0.2895215053945049 0.01205718751257023 
-0.3548534837130956 -0.02250190174440098 -0.189466355079288 
-0.3610322478795724 0.1310088007068343 -0.1350914585730913 
-0.4821470938456683 -0.4462064038461134 -0.3910298625855053 
-0.03890132721411188 0.1853899040123354 -0.1518886286317265 
0.2078158624543025 -0.2388052700448831 0.3998243118634673 
-0.152797552899269 -0.06847429514720504 0.1525180839491245 
0.371431826494105 -0.345298933652508 -0.4391791084214851 
-0.2832757158049156 -0.01495722915507597 -0.3861542054323053 
-0.09373159156528449 -0.3468626172718244 0.2799903143010943 
-0.2027936458613664 -0.3528083179637868 0.3505988310562436 
-0.4854530948078754 -0.01016454958372243 0.1644113130536036 
0.2609332923413564 -0.4941615741645559 -0.3735770293265367 
0.2908671198327719 -0.3963231601718097 -0.0033538187885227 
-0.367636265575547 0.1372834361505541 0.3227063951293997 
-0.2736234988771598 0.2098526001999644 -0.007353994536543285 
0.4014099691076297 0.4973437376295624 -0.143809465359719 
-0.005687088245234562 0.4171039940948635 0.2668215751338952 
0.4702072743980282 -0.2263467854134243 -0.2104245849982133 
0.3939976691212483 -0.08118207574000774 -0.4271502401001288 
-0.1140859328341539 -0.4422761639042536 -0.3354871904807977 
0.4667883021447699 0.3109865810824434 -0.2485380943385308 
-0.1797535155711263 -0.1173387101081561 -0.1117037824464066 
-0.4054746156609381 0.1881338471436257 -0.03443644245568334 
0.2267080039965995 0.2814174837259739 -0.2163571330871034 
-0.3143380147538502 -0.07901542082337237 -0.01218107297288351 
0.2727027272551346 0.3147309299695593 -0.3172663779158763 
-0.2960150621794304 -0.1251516459743973 -0.4237168253620312 
-0.408684456635904 0.2403366060371852 0.3373318732132501 
-0.4632134581573433 -0.228591538247272 0.062014554219334 
0.2786083661751899 -0.4291957872260322 -0.4935964620612529 
0.1242620866971669 0.4728862340309529 -0.2010722558024081 
-0.4214056105552294 0.4359027835874845 0.2180764304642346 
0.210561192790569 -0.09803832983415417 0.2697873318286495 
0.315680019851476 -0.3659127399939231 0.1045778729995507 
-0.3596932281364624 -0.3640863875524014 -0.1999166567809104 
0.0007471349097295521 -0.4429074911800283 0.05379529069531275 
0.1374463822110057 0.06134083174293936 -0.04464528946638602 
-0.3533836252553236 -0.3185908136131156 0.4441941850298962 
-0.4283395921144072 -0.103525227497821 0.05149834142206078 
-0.4673800356382318 -0.256259226944539 0.05117083578479553 
0.02823272163815116 -0.4926515617339421 0.005201880359278932 
0.4279992449358099 0.3833023737029194 0.1629879122255258 
0.3378355860131193 0.002687565519183477 0.1699097470100128 
-0.3268872455944188 0.006061939993930898 -0.1169784824522012 
-0.05735757160685728 -0.008709460505013811 -0.3799065527319038 
-0.08943270481138743 -0.09547297805126104 0.3856547268905255 
-0.3010120823057481 -0.1100688698795334 0.07250088320346626 
-0.4776604799345699 -0.03968643493921165 -0.009915625685747387 
0.3480752644576833 0.1009631032133131 -0.1131289970252002 
-0.359056030268833 0.3452981690366735 0.4263203841879223 
0.1666897969941513 -0.444587137032847 -0.1760125445909915 
-0.2428394763198117 -0.4030805196641763 0.4257052460924771 
-0.1719361684955062 0.2688135288365311 -0.0510268612308678 
0.3915397793907112 -0.3909347577867422 -0.4404749753330601 
-0.06291088840263981 -0.3433048039146744 0.0761593799816066 
0.01069484186423464 -0.2517967845795646 0.05143962898425725 
-0.4541599773374945 -0.06673946982877282 0.3097271973357789 
-0.4150007147481672 0.08298656259010229 -0.2448471107006512 
-0.1453915425999011 0.4043407485860779 -0.2450455913739704 
-0.4812562176783162 -0.4732506661426748 0.07605393098299762 
0.2384135231733449 0.01607819554962053 0.2262285637913538 
0.2234659578869733 -0.2076514556143912 0.001983201133071599 
0.3316575152162998 0.1678517318031301 0.08405118862544292 
-0.3516773431111847 0.3588931698900584 -0.08250037960941009 
0.4161166375653042 -0.3276796097193655 -0.3112019019305724 
-0.3703672246731513 0.238053904136693 -0.02803895066309625 
-0.2506474882835965 0.367662466473563 0.3030672309017435 
-0.3490565194273894 0.4070768029494927 -0.2601799268835969 
0.155966990772604 0.3372087817054323 0.4679875713474933 
0.4671040619417132 -0.3820385144856186 0.07868611726787511 
0.4775683926209513 0.491967129979252 0.4915457982491197 
0.41022341317518 -0.3751018884359877 -0.337439921067506 
-0.3527546537600035 0.2525331035745638 0.3238658884762469 
0.213981172734854 0.3815645672209231 -0.04432561718330308 
0.01934843419059029 0.1891293769601075 -0.3025668247626785 
-0.2406253314024073 -0.1899469100776565 -0.4377201017343627 
0.2382496634854466 0.2620884224419374 -0.07988998254750851 
0.289060036455337 0.2320265297144899 -0.3301208175999306 
-0.3405827314970854 -0.1739695190209611 0.09429126334776283 
-0.2467415651741825 0.01451213566075282 -0.09453997630117461 
0.06661513314267165 -0.3994617056096547 0.2471130320309782 
0.2287234978086534 0.1558219670837949 -0.1002043551767285 
-0.1346005840549251 -0.2320190707519828 0.4554757745521849 
0.1813354209822933 -0.2955848828848311 0.1048717550978733 
-0.42041680395642 0.0547752818602838 -0.391842116035374 
0.3095549473627982 -0.3100060092378464 -0.2709987473404023 
0.3240516579933945 0.3362094460392459 -0.3278469627982443 
-0.123905097249807 -0.4729724209503945 -0.2474791246908523 
-0.3816506554201717 -0.4025665730261864 0.06360638659783302 
0.03253513903593197 -0.1819223907607816 0.4303759945839421 
0.3293336912331485 0.1113420651399922 0.3260840236452259 
0.4941789405366209 -0.334554181745792 0.1478661039358621 
0.1856037799134885 0.4427236406530474 -0.1437789221701947 
-0.4923477023768683 0.1121660923698601 0.175509669515779 
-0.2089897349560538 -0.4904776839450725 -0.4584341393396577 
0.09741979334263107 0.3344620343618673 0.3034049894692423 
0.3276517221961652 -0.1575115263997685 -0.2962268812546757 
0.3148051582414705 -0.06971181237111968 0.3535661113947315 
0.3856275313399988 0.2419123004580962 -0.1799720071069635 
0.210474048937181 0.4373349272062396 0.2881142197066119 
0.335684441342656 -0.1516008941937246 0.04376855962329407 
-0.3818226669745731 -0.2935647664531738 0.05696860613019072 
0.4713588715264191 0.1285461426047106 0.4750138385919983 
-0.4424224150762171 0.20646936372525 0.1305906014801846 
-0.1637658576143588 -0.4127715559795234 -0.4515420305091348 
-0.06690714607658532 0.4915925017479738 0.1951691179491292 
0.2073599306935071 0.09834962999294472 -0.03777339126707369 
0.142609357035355 -0.1645413359296893 -0.4462355956865806 
0.1183428751475577 -0.01130223414981946 0.0433468195082124 
-0.4700087778922252 -0.4375302693224794 0.4287630086101247 
0.2198784418589235 0.4969666893565717 -0.4808597867198845 
0.1895644494235185 0.00969606452593208 -0.03824750151321993 
0.1742384537814543 0.4256874284946243 -0.4713965356083555 
0.2384258068524542 0.2225299903401453 0.06154199229696955 
0.3362601407209972 -0.4758214470705217 -0.1310611033170122 
0.256033663876386 0.1577828537279581 -0.1435825420949445 
-0.1917877790441623 -0.3772048073608473 0.3188017255801724 
0.1005954179918351 -0.2928145116128162 -0.3334982980354673 
-0.1058963850195486 0.19945389237204 0.2215636230274696 
-0.1801934243926717 0.489113729902649 -0.4655492673307185 
-0.4865362970033068 -0.2155438398155792 0.3546819936993364 
0.1402614159884503 0.3736135073691732 0.3222115168554816 
0.4089573555709397 0.3462679673417173 -0.2742795108577977 
0.1842592467407317 -0.1548453836281275 -0.4863653392403995 
-0.3422567200309194 -0.3086947941302273 -0.2334064438318894 
